416.90
218.25
419.17
186.13
420.48
147.14
454.45
294.54
294.99
243.88
182.53
229.51
233.29
393.09
226.02
442.74
423.19
347.58
420.02
425.43
341.18
148.32
284.34
210.10
440.83
251.17
330.71
235.87
226.53
438.96
283.56
351.06
356.34
270.20
235.29
199.77
336.91
156.22
389.88
325.45
148.33
263.28
281.37
339.87
145.87
147.65
430.22
195.97
331.58
242.47
419.26
336.57
177.97
435.73
360.68
339.38
442.05
337.32
149.48
400.08
147.61
271.07
261.16
186.17
434.07
358.05
241.50
396.44
423.97
443.58
259.04
313.13
173.31
439.63
203.40
376.90
187.98
365.62
345.57
195.90
201.05
198.34
248.31
161.36
305.19
415.18
279.21
223.74
197.67
270.22
275.63
293.37
376.56
185.67
285.90
298.28
354.99
278.08
317.31
328.71
877.77
1561.34
856.41
1701.43
1255.23
612.14
1483.13
1512.93
839.13
1490.79
731.40
1578.13
1472.60
1589.24
1615.37
1477.09
815.46
726.28
1280.25
718.35
1678.79
1649.61
873.27
1211.28
770.34
1628.70
789.98
666.23
613.45
828.74
1536.33
992.11
1139.12
865.88
1481.39
766.70
1148.35
1417.34
1526.36
881.37
732.46
977.13
1038.27
872.35
996.56
1411.21
1616.74
1590.64
921.50
1510.83
902.87
1581.30
1069.88
1547.63
1441.97
805.60
1199.18
1249.00
845.62
715.44
1386.91
587.77
1189.21
948.41
1500.44
1449.98
744.43
686.63
1683.00
456.55
747.35
933.35
877.14
1242.98
1454.59
1457.31
1621.86
798.58
733.96
686.47
1567.85
1308.40
890.37
1680.57
968.29
1108.98
705.64
981.92
847.39
1542.16
1609.57
1307.65
961.16
563.24
519.29
1196.29
946.31
703.94
716.89
917.05
1931.73
1576.04
1447.19
972.57
1541.63
2043.74
1090.28
927.97
1220.64
1731.80
1594.86
1388.39
1565.13
1074.31
1718.60
1746.31
1584.14
1082.87
1899.72
1618.27
994.50
1317.30
1912.41
1748.24
1673.26
573.90
1341.24
1864.41
1134.57
1632.91
663.11
1564.81
1165.34
696.15
1016.33
1750.74
1216.59
1663.93
1699.70
1616.20
1130.88
1548.38
711.72
1596.97
1749.15
1855.14
2079.77
1786.41
1603.14
1775.34
1356.81
1247.96
1958.22
1617.62
1896.93
1099.53
1582.98
868.43
1556.66
1190.90
1548.21
1298.48
1915.67
1325.04
1598.61
1777.25
1736.11
1202.33
1465.21
1853.68
1696.38
1755.94
1512.91
1145.28
972.97
949.89
1874.14
1356.48
1597.35
934.86
1949.94
1167.02
1508.72
1990.30
1576.35
1886.19
1818.00
1057.70
1655.93
1162.95
2060.33
1865.52
2044.24
1916.92
1009.45
1509.34
901.30
1866.90
1640.24
1704.85
1460.68
1059.95
1347.58
825.28
1445.45
824.37
979.68
1481.44
1393.95
1524.73
983.24
1223.34
1137.02
1176.33
1205.02
890.65
1045.46
653.60
1125.04
991.53
1484.25
891.72
800.85
1484.71
1541.26
1120.85
1329.32
1615.71
1136.84
1057.90
665.47
718.69
672.28
1794.39
1300.99
828.55
762.89
613.98
1023.70
995.73
693.46
884.84
1289.87
1441.18
1046.96
1096.27
1376.79
666.39
969.08
1259.71
1850.89
989.66
643.70
1207.63
713.83
759.52
1250.82
1361.21
638.60
750.94
814.31
1136.32
1721.16
1336.19
616.56
1677.98
1408.08
860.85
762.26
1179.98
1057.26
1102.84
1356.14
1295.70
1308.88
1188.68
1422.06
648.99
761.86
1286.42
787.22
990.51
1336.38
583.88
1163.33
722.99
1824.01
613.29
989.72
1328.58
653.90
974.33
656.62
1421.17
1704.53
1135.45
1374.14
815.70
1144.05
1650.20
924.14
629.78
850.27
1069.56
700.91
309.92
920.30
886.92
560.01
1071.72
599.30
982.53
717.35
977.47
637.94
581.30
1103.28
489.43
1316.39
414.78
973.74
324.74
843.23
1074.99
657.66
740.66
1319.18
623.64
471.28
1322.96
485.36
679.60
918.53
863.88
482.68
1435.30
950.94
791.84
832.37
877.70
1002.31
881.24
444.79
522.40
558.71
1028.66
573.10
619.08
1043.71
632.77
304.52
275.15
289.01
711.16
1192.16
579.89
980.93
769.89
465.87
882.98
807.88
776.41
954.44
900.35
1214.00
520.90
998.00
1145.50
1240.14
369.67
747.76
880.62
1213.65
1117.02
731.03
762.06
1142.13
1126.62
835.37
391.13
366.55
723.40
298.11
345.65
799.50
655.32
1224.04
893.69
722.08
1124.55
602.04
676.51
343.73
760.31
355.23
326.98
1146.56
868.97
792.23
788.16
1047.87
821.93
641.65
298.92
1109.78
233.32
764.26
609.15
841.75
636.34
942.09
758.26
694.66
512.07
300.87
796.54
756.14
1197.52
979.86
454.12
1021.99
749.57
1228.35
393.70
675.13
568.62
633.95
733.64
769.69
378.11
660.26
963.98
730.54
648.86
282.99
890.35
1068.76
308.53
1150.26
631.24
986.61
1114.67
838.87
294.83
549.32
387.10
1162.20
1157.15
385.82
784.19
1523.06
1223.34
1301.35
1405.37
1237.79
548.51
705.48
755.30
1114.68
1432.04
700.37
1459.98
940.55
672.03
1475.55
665.07
727.48
609.14
1013.38
1340.24
623.54
626.97
954.05
1461.47
1270.61
657.70
1454.81
697.62
1310.21
648.23
627.62
1139.62
666.79
572.03
758.05
1508.20
1345.28
964.71
1183.11
1294.73
1513.17
890.54
1095.27
1472.12
712.18
513.22
1451.20
1277.05
874.87
1405.07
1472.63
749.19
1539.26
1437.41
603.25
1436.37
925.04
625.86
756.56
1462.33
856.38
1143.50
1146.12
1540.47
1501.52
760.51
1171.09
1432.89
1366.35
672.93
1513.80
510.24
1354.50
512.10
863.74
1432.59
1349.87
793.12
1504.72
963.12
823.83
629.93
696.25
1517.76
837.92
715.88
1541.51
1466.41
793.05
1531.64
596.36
1079.99
698.37
1078.01
1021.01
1166.06
693.05
1259.96
1451.61
837.87
1984.18
2017.36
1987.42
1934.37
1860.59
1927.55
2046.05
1896.91
2035.10
1940.77
1982.63
1971.62
1845.15
1970.88
1831.54
1966.70
1711.98
2028.43
1866.72
1874.38
1860.69
1793.89
2010.17
1875.69
2078.75
1910.67
1882.39
2109.57
1799.97
2037.84
1804.76
1813.67
1981.06
1849.87
2076.51
1736.50
1834.07
1902.79
1921.89
1858.22
1863.58
1922.02
1859.08
1835.32
1827.79
1920.32
1887.43
1725.18
2168.14
2128.46
1870.54
1907.90
1933.92
1909.74
1929.00
1834.84
1916.69
2108.50
1898.37
1884.05
1874.48
1926.88
1846.49
1906.65
1955.92
1800.22
1917.18
1882.48
1970.12
1863.05
2203.00
1974.61
1836.70
2003.82
1880.61
2106.03
1887.64
2031.15
1945.35
1857.65
1943.84
1886.35
1829.95
1942.81
916.96
1951.90
1944.06
1770.63
1833.17
2047.55
1275.35
1864.66
2132.00
1819.07
1958.53
1777.17
1917.41
2099.80
751.61
1817.59
1304.80
1200.48
917.68
1791.57
1493.04
773.40
1242.50
1406.52
616.93
1203.58
2173.58
1533.17
1877.40
1750.85
1529.41
1989.09
1671.51
1774.12
1742.04
1408.12
1382.00
2255.65
1801.09
1869.41
1511.66
1461.20
1620.91
830.31
1990.70
1421.31
1649.49
1567.61
1789.83
950.78
1508.10
1953.20
577.30
1871.95
1655.22
363.64
1956.60
1979.68
1213.26
647.72
1342.89
1761.63
1910.18
697.68
1592.92
1447.21
1507.32
1468.54
1227.70
2124.81
1613.57
1088.68
1484.97
1925.59
1065.27
1911.88
1369.36
1036.99
741.65
200.33
1349.45
1037.66
1193.58
1971.07
1316.10
840.02
1524.48
1379.85
1407.24
506.02
1533.96
1598.18
1466.62
1711.76
724.03
1635.21
1273.75
908.09
1485.22
1802.98
567.98
1524.14
1505.40
1716.55
1012.42
1766.84
2192.94
1002.41
1261.07
1364.52
1504.87
1723.51
1807.30
1290.68
998.04
1306.43
1516.34
1826.58
1545.22
1716.69
1904.62
1876.16
1863.57
1830.61
1349.23
1721.96
1347.85
1320.38
1203.44
1436.44
1447.81
1303.18
1426.68
1468.07
1386.82
1580.75
1013.20
1586.88
1746.10
1243.94
1336.38
2159.96
1118.16
1693.83
1559.04
1844.80
517.20
1479.01
1349.17
1125.78
625.72
1472.41
1136.73
1172.78
1690.53
1304.84
901.24
1357.60
765.89
1851.48
1053.69
2003.19
1880.65
1147.48
885.09
1757.70
1647.16
1568.96
1776.04
2133.27
1465.86
750.79
1648.68
737.94
1355.09
1825.26
1840.52
865.96
672.06
1391.67
1611.95
1151.36
794.15
1691.47
1523.90
2041.15
1840.17
1882.32
1056.42
1681.92
848.72
1428.20
1710.58
1957.27
1676.65
1729.78
974.80
1824.63
1938.92
1581.38
1622.61
1438.59
562.84
1055.62
772.95
1456.82
2000.38
1980.26
1355.43
1487.01
1148.35
1481.18
1692.93
1807.10
1342.96
1695.56
1487.82
1383.13
1916.42
1566.30
1106.91
1640.01
1398.50
1539.51
1654.63
1993.68
1458.03
1594.56
1752.72
1529.86
1612.48
2160.05
1868.69
2037.82
1496.89
1031.08
1135.01
2104.55
1942.60
1901.22
1428.59
1659.44
924.67
482.83
1435.74
1520.73
1172.73
1052.92
1219.70
1880.48
1877.73
1629.29
1709.05
2015.69
1996.23
1778.05
1571.96
1647.90
1801.48
1537.78
1986.09
1562.89
1301.90
1819.85
1749.65
1864.71
615.02
723.31
1934.19
1582.98
1757.99
2027.35
1634.69
1868.51
1602.71
1981.03
1326.82
1789.76
814.95
1571.20
1642.99
651.58
1265.56
1461.28
1083.54
1920.57
1671.99
728.12
1566.06
1792.68
815.80
1306.96
1633.41
1804.64
1848.32
1481.46
1064.50
1012.80
996.77
1478.37
1383.53
808.21
1299.64
1073.74
1075.43
1813.70
1519.78
1019.41
1766.86
1282.77
1052.74
1536.71
596.50
1373.61
1206.77
1709.47
729.94
1346.32
1038.72
1932.32
1459.00
1530.24
1755.11
1683.18
806.40
1894.16
1719.34
1011.18
1144.72
1629.91
1594.82
1181.73
1717.67
1779.05
1648.34
1602.90
1468.79
1766.43
706.76
1403.53
1339.79
1629.87
1171.78
1629.78
1818.61
935.91
1491.37
1243.60
1941.93
1561.34
1380.17
640.16
1196.70
1902.61
1662.12
798.33
1789.26
1496.62
1194.55
1822.97
1520.05
1457.30
588.46
1066.80
1788.95
1731.65
910.18
929.39
1876.49
1128.01
1397.22
1721.17
1648.62
1475.40
844.11
1862.32
1586.80
1800.49
1814.41
1364.29
1559.06
1612.77
1845.43
808.43
1681.07
1659.04
1557.22
1392.16
1768.67
953.67
1635.24
1492.67
1852.37
1951.72
1588.02
1661.13
1478.30
1844.67
1651.24
1044.57
1055.87
1209.73
1207.74
1515.18
1755.66
2105.47
1504.17
1221.22
1303.33
1195.09
1529.74
1191.62
2034.70
1723.80
1722.82
1236.34
1684.49
1815.49
282.32
2018.58
1376.22
1623.06
1654.37
1890.90
1790.45
921.07
648.56
1249.26
698.28
1795.33
900.20
1907.05
461.52
1403.77
1700.06
1547.42
1578.42
1458.55
1251.39
1767.35
1044.87
1606.04
1693.62
1510.23
1971.00
1654.97
758.88
1600.62
624.47
1606.68
1634.05
1804.21
856.47
1444.47
1278.47
982.37
1658.14
953.68
1634.73
1626.55
1650.08
1973.45
1814.31
1509.14
1231.11
1154.42
1712.14
1278.08
1614.32
1408.58
720.95
1150.29
1336.85
1001.29
1764.84
1318.70
2050.73
505.00
1860.00
1473.38
1801.05
1656.82
361.78
732.01
1799.04
662.72
1003.34
1531.94
1523.38
1707.56
1330.33
1785.80
1355.83
1721.90
857.23
1496.53
1524.92
1194.53
1494.20
1573.14
1618.57
507.23
1141.32
877.44
1445.77
1532.84
1117.24
1124.82
944.59
1036.63
1112.14
1572.67
1865.51
1918.98
1799.00
1372.26
1954.18
1846.90
1076.08
1234.53
804.51
1119.81
1532.90
1223.06
1737.82
1702.16
1513.42
877.19
1739.74
1238.94
1698.24
1682.06
1977.86
1181.76
1741.91
843.78
1564.94
1264.37
1101.18
1650.62
1356.78
1646.25
1783.41
915.81
1326.36
1583.63
694.92
1629.50
1377.19
856.09
1985.29
1505.92
2205.63
1167.32
558.15
1165.25
1470.02
1906.60
1776.42
1794.61
1359.90
1219.83
1649.79
1682.85
1404.70
1472.20
1956.31
1370.79
1608.76
1431.33
1717.01
1867.08
1788.63
1708.21
1237.96
1143.64
1092.58
1456.36
1612.48
1058.68
1877.47
1567.13
863.54
1529.89
1997.96
1517.18
1211.53
986.60
1515.77
1235.47
796.79
1399.14
1025.09
1430.65
1267.00
1283.08
1606.01
944.34
1269.34
1235.48
1154.65
1494.57
1676.22
793.54
1713.33
1245.42
493.28
1441.33
943.49
1443.17
1123.49
1653.79
1208.41
1427.71
1423.34
1735.49
1134.69
1602.73
1202.07
1600.84
1936.19
2153.39
1629.16
1307.42
675.88
1756.68
1561.54
1492.53
1434.97
1621.90
1929.47
1541.28
1374.07
1460.84
1109.00
2044.36
1744.24
1848.36
1087.05
1408.54
1573.94
1641.24
1445.11
787.84
1829.29
1404.43
1788.34
1410.17
898.18
1693.00
1898.14
1349.13
1954.20
1502.62
1576.32
771.76
1502.45
2098.00
1497.42
1617.60
1963.47
1724.51
1483.99
1850.72
1481.94
1524.36
1540.54
1524.63
1541.55
2133.13
997.86
813.18
1911.71
1497.42
1260.25
362.65
1392.57
798.16
1004.28
1831.06
955.45
1551.16
1738.89
1718.43
1374.14
1861.07
1370.90
1113.20
1503.57
1881.75
1475.08
1705.47
706.34
1366.61
928.90
1555.59
1501.12
1309.90
1479.73
1719.24
1612.69
1204.60
1700.22
1505.18
1638.86
1794.73
1166.35
1934.75
1498.14
1815.64
1093.08
1931.14
1615.00
1933.30
1307.67
1044.45
1902.35
1797.75
1519.52
1104.95
1368.48
1856.70
1556.97
1618.36
1377.20
410.61
1630.20
1071.16
850.28
1289.77
2226.61
1307.42
1386.50
1669.12
1054.17
667.09
1337.74
1520.25
1398.15
1577.30
1030.29
1068.00
1482.27
1482.09
1473.18
1396.69
1894.10
1639.05
1175.37
935.28
1476.12
1740.26
1589.83
1448.65
1510.78
707.28
1381.63
1108.17
725.39
1361.64
1541.85
1607.90
1854.59
1235.82
1762.45
974.97
1613.76
1837.97
1164.15
1952.20
1235.13
1878.68
769.20
599.90
1490.42
1091.73
1792.39
1248.11
1798.56
1617.07
1504.73
1601.41
1170.26
879.79
1769.69
1706.32
543.94
1203.19
837.80
1162.70
940.86
1453.71
1507.65
1545.90
1991.70
643.20
817.80
603.22
1331.59
1125.92
1575.40
1114.86
2130.02
1627.48
352.93
1540.94
909.82
615.81
1187.61
1447.62
846.24
1803.46
1767.79
1700.70
897.26
397.53
1526.61
1062.70
1557.25
1568.06
1182.84
1639.59
379.16
605.50
1701.61
1696.26
790.25
934.72
1159.93
1481.96
1507.91
1432.78
1783.66
479.34
1334.32
829.73
1508.60
1656.88
1812.00
1664.44
1520.65
1896.68
1423.31
1983.36
1213.76
1610.46
933.76
1459.44
1264.52
801.77
1583.11
1672.03
1616.19
1710.66
1517.94
1651.63
1497.66
1137.02
1348.79
1240.81
873.26
1756.11
1640.38
1512.22
1361.32
2016.16
1785.26
1790.92
449.13
1125.52
1344.71
2019.33
1591.32
1075.75
1536.86
1067.27
1940.10
1685.56
2167.74
1644.48
1402.53
941.78
2044.53
1702.20
500.79
1378.28
903.32
1356.48
1557.42
1504.99
1497.10
1647.35
1465.72
1857.48
1441.76
1222.80
724.93
1610.76
778.74
1498.97
1540.57
1076.52
641.52
933.79
1341.20
1165.03
1625.09
1012.47
1775.45
1719.10
734.06
1556.89
1459.32
1374.04
1278.88
1327.56
1722.50
1513.29
1903.14
2124.12
1954.19
1599.96
1391.47
1131.26
1455.38
1513.17
1752.83
1729.71
671.77
1870.70
1870.92
1856.02
1693.85
1315.51
1369.07
1217.76
1254.26
1728.60
766.56
308.01
913.69
559.32
1379.23
1029.32
887.11
684.03
1014.94
1571.76
1480.87
583.25
1213.69
1916.37
946.04
1809.92
1824.08
1452.16
1642.54
349.94
1496.12
1493.90
907.20
1318.61
1449.61
1250.88
1987.59
668.07
1547.38
711.57
2245.99
1238.81
1932.24
1181.09
1420.15
1352.91
1597.02
632.06
1442.74
431.21
1439.35
1705.54
1894.20
515.53
1766.21
726.98
1105.94
1017.69
1171.41
1664.15
1379.92
1547.27
1581.14
905.41
629.88
1198.66
1929.27
1816.12
1190.54
2050.87
1899.97
1660.22
976.35
1589.06
1508.75
734.98
1639.98
1179.51
1721.45
1317.55
1442.17
1603.03
1450.03
1408.37
1660.95
1694.65
1642.09
1529.12
1294.95
1603.76
1766.32
1138.98
1669.26
1220.00
1005.81
1678.73
1543.73
1932.36
979.96
1111.44
1230.12
1059.05
1760.71
1208.22
1986.26
604.76
1355.52
1481.35
1331.57
1550.51
1820.18
1952.12
1614.83
1065.64
1302.04
1695.61
2019.74
475.41
1919.49
816.69
1086.64
1783.77
1122.88
1470.34
604.76
1854.18
1511.66
1966.51
1986.29
1338.96
1618.37
1523.89
1968.14
1636.73
1483.06
1009.98
859.89
1625.94
785.29
1757.35
1368.42
1384.71
2284.80
1582.45
1609.59
1560.87
1152.34
1724.21
1725.54
1941.96
590.08
1060.62
1000.57
1529.73
1826.53
1747.08
1520.50
1861.59
1614.65
1532.44
1676.65
1766.67
1537.19
1927.34
1078.39
1403.82
930.80
1735.90
738.86
1694.12
649.06
1322.44
786.91
1263.94
1210.46
1203.84
471.02
1420.20
1417.16
1645.02
1146.04
752.48
1126.80
1609.14
649.89
690.89
1636.74
1763.66
1227.76
1757.60
1678.03
1765.85
1672.97
1660.16
1651.17
1388.60
1805.02
1592.63
1380.81
798.57
1164.92
1095.71
1508.68
619.42
1518.34
1915.98
1752.61
1391.36
1533.14
961.13
1772.50
2064.55
1494.58
1163.79
1780.59
1245.33
1344.27
1537.76
1600.14
1007.25
1173.99
1876.50
1750.86
1948.02
1390.91
1616.67
1774.47
1649.82
1945.36
1706.38
1550.87
1770.30
1359.16
1798.89
1434.87
1620.38
1345.59
1494.74
1529.86
1461.99
812.38
665.17
1680.64
1623.78
1230.84
1145.75
1114.42
1529.61
1231.09
601.01
693.94
1587.66
1724.02
1546.34
1503.55
1989.86
1947.06
2008.88
1229.57
1490.90
1007.44
1095.25
975.84
1773.58
665.03
1666.39
1202.79
1677.17
782.23
1391.63
1646.24
1005.90
1507.73
1743.77
489.32
1413.26
1241.26
1481.15
1375.17
1552.84
760.24
1398.94
1593.00
297.11
793.08
1919.27
1556.00
851.01
1170.74
1756.77
650.55
716.61
1901.05
1724.95
1711.85
1867.88
1886.10
1264.06
1465.37
1261.07
1811.81
1749.81
1632.81
1658.41
1922.65
568.40
1815.85
1449.23
1531.26
1540.35
798.62
1293.71
1541.00
1464.47
828.31
1437.95
1909.34
1478.43
919.47
1518.21
1375.02
1556.15
1889.79
1909.66
608.30
247.75
880.45
1618.75
1771.82
858.02
1628.51
1519.04
1773.64
1687.60
1786.96
620.24
1789.68
1842.49
1536.35
1725.06
1916.40
1505.08
1892.93
1499.07
1249.52
1427.30
922.94
1616.94
1530.68
1765.32
1234.79
1451.77
287.72
1837.99
1437.67
1401.19
565.02
888.55
1877.98
1540.17
1700.33
1077.38
1743.21
1438.72
855.29
1868.77
1238.58
874.68
748.14
1305.96
1824.43
1963.62
1408.27
633.95
1213.67
1087.25
983.66
1709.24
1249.75
1465.05
1335.00
1513.37
1438.84
1792.95
808.86
1442.63
1866.86
1642.11
412.19
1968.36
1364.24
2207.28
1818.38
883.95
1151.72
617.29
1697.12
1735.82
808.83
1183.12
1706.42
583.46
1178.49
920.61
1638.67
1533.02
2190.35
958.23
1256.19
1213.47
1590.29
1964.59
691.81
1831.99
1320.05
1459.94
779.42
1569.14
1527.49
1918.16
1821.45
725.97
1629.35
1215.46
1844.44
1365.21
1628.65
1724.25
798.30
1129.45
1013.94
1046.27
1504.74
1477.80
1678.01
1474.22
1438.06
1536.24
1238.46
1400.10
1464.87
2068.97
1124.38
1867.55
1592.61
1718.21
1497.50
1141.61
1470.04
1983.60
1655.29
908.57
1615.94
1515.81
2074.53
1627.35
1668.53
1708.51
1408.96
1523.66
1668.70
1732.85
1143.05
1549.63
825.90
1774.15
1775.72
449.87
1629.26
1880.61
1854.84
1508.65
1398.84
831.36
1228.50
1856.38
1193.50
1749.56
1256.67
753.45
1530.70
1582.70
1423.69
1795.47
1206.22
403.68
949.78
1779.08
1986.55
1904.69
1645.12
1974.63
1328.19
1523.92
1666.57
1651.69
1389.60
1479.36
1483.21
1676.99
1109.19
1526.97
1538.26
1141.13
1034.66
687.73
1860.48
1287.94
1496.78
849.83
1154.78
1461.28
1623.03
1068.58
1319.20
1754.28
820.94
1930.03
1033.62
806.68
1735.51
996.93
1679.43
1919.81
1104.79
1809.27
1682.38
1937.95
703.12
407.83
929.93
1559.64
1801.38
559.83
1783.31
1806.89
1332.37
1586.25
842.95
657.68
1721.72
833.13
178.64
1296.32
1918.28
1729.63
1642.66
1936.47
1721.73
2056.17
1659.09
1393.42
1313.36
1716.28
963.99
1489.68
1494.97
1783.28
1206.89
1657.42
1232.08
1498.42
1591.49
1421.02
1407.51
905.21
1789.91
1004.68
1795.82
1989.15
801.29
1913.50
194.05
1988.51
1371.01
1678.76
1743.95
1054.98
1852.07
1949.64
1660.42
1610.85
661.19
1491.25
1694.54
1605.29
1468.75
1752.37
1201.09
1978.30
1743.89
1294.62
315.20
1841.11
427.32
346.14
1229.33
901.58
1763.13
1815.82
1487.59
1845.33
1625.72
1475.52
1562.30
1130.87
768.60
1688.03
1264.67
1692.12
1465.97
1429.99
1634.96
1639.86
1398.66
706.18
677.04
1444.36
1820.82
978.52
663.89
1230.88
1225.24
1325.32
1057.45
1666.00
1544.39
1703.24
826.81
1766.23
805.22
1937.75
1887.94
1516.92
1248.93
1484.87
871.32
1761.01
1353.60
852.37
1619.88
1090.86
863.65
529.70
1054.07
481.57
1875.97
1863.83
1546.59
1288.61
1139.04
507.32
1591.52
1737.50
1144.79
428.44
1628.27
1656.39
551.61
1359.09
745.56
970.53
1122.34
2026.59
906.06
365.37
1299.16
1948.85
1507.19
1906.56
1962.45
1136.11
1656.75
1916.36
1294.12
907.04
1060.77
1668.83
1352.01
1598.58
959.96
1519.63
2110.91
1640.16
1163.21
1927.12
1998.15
1392.56
1739.50
1537.35
1007.88
1830.49
1306.80
1224.90
1545.82
1781.46
1473.90
535.81
1518.08
835.00
1069.49
278.38
1711.63
1901.09
1759.69
1206.34
1378.10
1749.67
1875.19
1556.57
1224.90
1480.61
646.51
1786.56
1841.31
1190.03
1769.19
1238.01
1708.65
1774.37
1602.48
663.87
990.70
1494.28
1851.19
1534.36
1215.48
600.11
1416.84
1204.70
1779.00
1561.18
1828.26
1570.76
863.09
1761.62
1495.49
1654.58
1084.08
1574.21
1169.96
983.59
1504.18
1624.31
1552.25
1518.44
1930.52
1176.47
804.95
922.78
1797.34
1581.81
1642.12
1410.83
1286.45
1289.08
668.96
2001.94
1033.37
1907.23
1114.25
1645.28
635.75
1507.82
1237.92
1119.89
332.78
1635.62
1723.34
586.36
1172.67
2022.90
1877.87
1180.83
1833.54
1501.44
1610.79
1590.26
1502.53
2120.99
1007.63
715.55
1893.23
1667.21
1564.25
1815.06
2114.13
1543.38
1647.28
1572.43
1425.52
1145.45
1253.42
1308.05
1640.51
1508.08
1981.88
1541.47
1620.07
1631.47
1623.60
1222.98
1804.25
1037.93
1433.51
1441.98
1630.35
1986.75
606.17
1131.85
1420.98
1993.67
1804.28
1146.54
1962.03
1629.81
1658.17
1675.68
919.93
901.34
1834.02
413.46
1901.43
1984.82
1893.13
1730.32
1361.96
1523.09
1506.79
1801.54
305.15
1628.89
1159.16
1212.10
1911.16
1314.16
1221.68
1475.95
1664.07
1644.44
1515.75
1570.18
1415.49
1874.90
865.95
1377.51
1140.93
1199.19
689.92
694.68
842.81
1781.37
617.02
1548.22
853.92
1508.32
1861.99
1893.49
1539.96
1906.73
1503.81
1312.76
1722.49
1915.55
1167.76
553.34
1168.09
1740.41
1604.88
1857.89
1907.06
720.63
466.34
1748.53
1138.23
1774.56
904.68
1826.45
1183.50
1592.62
1156.17
1196.69
1316.14
1390.87
1933.18
1328.24
1953.17
1520.61
1399.67
1630.69
1686.33
1835.07
1772.45
1579.86
1412.31
2084.52
1159.77
793.69
1638.44
1321.19
1606.92
866.19
1299.89
1208.38
1657.54
1595.55
1972.20
1177.41
1471.54
1617.25
530.29
1668.82
1544.34
1903.52
1895.28
627.32
619.85
1652.09
1869.66
1165.72
1774.54
862.66
1212.83
1399.73
787.36
2095.07
1410.58
1100.70
1766.03
870.23
1475.13
1030.69
932.76
1448.24
1591.32
1778.64
1522.11
1722.88
1621.85
1184.27
1814.92
1622.71
1457.33
1829.45
346.41
1708.23
1434.86
1650.15
615.05
699.61
1945.42
1830.22
1227.87
1005.82
1588.44
1842.01
1694.09
1356.06
1625.08
1652.35
1253.55
1719.18
1629.65
1506.04
1218.87
1320.53
971.58
1813.02
1985.61
1546.29
1893.70
2099.84
1856.93
1580.27
1613.82
711.85
916.97
1509.70
762.93
1490.28
1434.92
1984.26
1206.71
1738.29
1678.07
1579.40
1697.21
1568.13
1754.61
449.60
950.99
703.70
1429.50
720.98
1848.75
696.45
2143.56
1669.67
1368.43
1063.25
446.54
921.50
1617.78
1485.62
1624.82
1037.34
947.53
1417.87
1308.62
1630.62
890.61
1036.02
1498.38
1503.70
1973.47
889.85
1188.95
522.17
899.14
1628.63
1428.90
1828.99
1518.88
1619.77
1539.23
1907.11
1893.85
1130.78
1910.98
1534.89
1580.56
941.74
1518.18
1732.78
362.32
1861.85
1857.02
1083.54
1504.92
1003.33
1769.88
1223.34
1521.02
1513.51
1501.43
698.15
1747.46
1518.13
1632.35
869.32
1059.26
1881.08
652.79
1771.69
1971.84
849.20
1500.79
1945.97
1563.89
775.11
1777.67
1171.69
1276.06
1409.14
1789.00
967.87
1353.71
2020.89
1630.57
1226.90
1636.93
1580.10
1304.00
1174.19
1525.00
1157.01
736.01
1216.24
1486.25
388.01
1644.32
509.60
1508.70
1227.66
1742.45
1755.15
1893.10
1477.08
1594.40
432.92
932.83
1587.34
1837.36
1151.47
1616.26
1924.32
1627.98
1438.35
1546.00
1160.28
1585.13
551.49
2248.29
1446.58
1023.17
828.56
654.14
1898.55
1408.95
1456.12
1987.10
1791.42
1267.78
1610.83
1549.37
1009.40
1875.21
1632.78
1589.49
1461.38
1457.42
1979.64
1532.21
1677.10
1097.35
903.05
1663.66
1794.22
1389.69
1020.90
1994.50
1466.50
1695.63
1703.99
1621.43
1507.78
1130.70
1596.85
1345.24
2004.62
1192.04
1750.30
1658.50
1662.22
2188.38
1384.21
1479.65
1623.47
1589.64
1452.74
961.07
1120.07
1655.03
1527.18
1852.89
1643.94
1314.32
902.57
1162.40
1008.05
1874.72
1571.50
1305.03
1827.75
1368.60
1754.16
2058.74
1855.71
1626.32
1642.74
1687.89
1180.73
516.17
1633.38
1965.88
1768.27
1696.29
2260.69
1711.85
1784.85
1223.67
1121.58
1307.52
1761.52
1625.52
1578.04
1123.61
1658.83
1715.11
973.57
1765.76
1409.26
1960.62
2145.10
1315.50
1014.23
1601.61
1860.78
1825.44
1722.33
989.17
1930.80
1802.56
1872.71
1441.03
1591.46
1888.23
360.89
653.74
1422.58
835.36
1399.27
1220.15
1787.96
1113.15
1174.73
1166.14
1261.87
1722.29
1641.44
1365.41
1162.24
1720.66
777.17
1492.64
957.75
1987.30
1517.07
1515.16
1343.20
1510.46
1735.35
1371.62
1096.70
416.75
858.08
1571.29
896.15
1429.67
1568.44
1557.02
2102.65
1869.46
1773.96
1618.39
1694.90
1421.94
1903.31
1461.13
1590.21
1798.92
1960.30
1396.60
1758.30
1605.98
1551.90
1775.95
997.30
1249.20
2057.74
2094.78
1414.22
962.33
1691.50
2017.83
1512.82
1628.35
1188.36
1985.03
1020.27
1703.29
681.83
1290.79
1604.88
757.29
1563.69
1625.39
1885.43
1739.37
1635.38
1203.67
1174.26
1336.97
1936.36
1868.68
1530.81
1701.28
1336.84
993.34
1674.82
1275.10
1591.28
1258.38
1534.39
1799.59
1877.79
1975.47
1530.89
978.84
1871.82
1242.12
1622.10
1339.48
1698.81
1288.23
979.38
1208.03
1693.03
1466.62
1544.44
1058.22
1681.82
1602.77
1796.46
1999.94
1617.72
421.46
1423.63
1135.91
1411.38
2187.42
805.20
1621.78
1778.53
1158.90
1306.03
1784.93
1750.84
1611.52
1622.31
569.99
933.77
1277.49
1584.74
1576.81
1649.94
1570.21
1684.40
1464.20
1562.40
1029.89
1678.48
1860.02
1920.83
1905.99
1800.32
1506.14
929.01
933.25
1577.96
963.28
1505.54
1493.26
1559.03
962.07
1643.74
1960.61
1083.27
1345.81
1021.01
924.55
1764.94
1278.67
1756.40
1896.37
1568.40
867.21
1521.32
980.08
1373.76
1634.46
1088.62
1673.56
1551.22
1026.79
1007.06
1396.99
1076.21
1713.92
1319.03
1291.17
1662.98
1450.86
778.42
1213.65
1499.74
884.96
645.72
685.20
394.80
1378.32
1729.89
668.49
1628.89
1558.00
1693.64
1558.22
1639.73
1885.12
832.88
1467.91
2127.76
1561.06
1762.65
1325.63
1359.59
1662.53
1381.69
1306.48
1182.52
1598.56
1695.32
1478.07
1202.41
1641.33
723.87
1033.54
962.31
1643.35
982.93
1446.09
831.56
915.32
1448.74
1087.48
957.18
389.19
1667.09
993.46
856.71
1838.23
785.29
1982.19
1340.32
1617.57
1835.82
1418.23
805.37
1777.84
1937.89
1756.27
683.45
1003.43
973.06
1577.18
625.25
1497.11
1651.32
1498.29
1917.72
1059.22
1082.37
1693.21
1545.67
1917.61
1909.11
1496.77
1670.76
1816.69
758.11
1599.81
1099.50
1756.95
927.86
288.42
891.04
1079.32
1755.78
1873.82
1019.30
1546.19
1350.55
798.54
1415.82
1664.75
1459.83
1595.76
1921.30
935.99
1638.87
851.18
1784.36
1121.12
1222.04
1018.69
2015.85
1318.93
1315.88
1949.72
1649.14
1241.13
1911.78
1564.63
1489.99
1954.17
1755.51
1123.57
1528.44
1412.88
1640.44
1272.54
1714.85
1215.82
1627.08
1654.35
1906.25
1846.42
2218.11
2052.17
692.47
1503.13
2001.37
1542.60
767.54
788.22
1196.74
1995.98
1365.00
1472.25
1762.68
1016.66
1618.50
1563.19
1724.06
516.32
846.50
1650.00
1745.12
867.38
1169.40
1932.61
1792.94
1759.98
1663.00
1363.48
539.38
1899.86
1476.60
1242.37
2257.07
1463.19
1762.83
1264.26
1623.82
1753.06
1910.29
1775.68
953.54
1553.68
1313.77
1541.02
1891.98
1419.76
1764.57
1421.02
1734.48
842.91
783.83
1195.84
1369.18
1782.24
1199.06
1952.83
1384.47
1488.98
1488.54
1438.53
576.45
1166.70
1940.36
1922.92
1306.30
875.62
1117.37
1539.19
2080.74
817.98
1776.74
1414.31
2108.78
1489.37
1912.17
699.16
1612.68
1386.27
1094.83
1489.57
1241.13
1091.02
1609.12
1202.66
1757.02
1570.83
1469.51
1719.13
1359.11
1503.45
1381.97
2245.27
1531.73
1512.23
1124.06
1270.20
1904.96
1608.98
1560.32
820.84
1438.49
1800.47
1674.65
1846.88
1978.84
857.14
1552.96
1720.13
1610.95
1013.85
1941.56
593.13
1532.81
1592.28
1551.75
1263.00
809.78
1198.61
1759.22
1108.50
1606.08
738.05
1541.71
1773.28
1265.42
1929.46
1632.10
1627.33
1710.67
457.11
1288.59
1116.71
1764.30
1873.41
466.53
1265.08
1342.43
1737.69
1936.82
1383.21
1871.83
1856.00
1079.44
1585.19
1979.65
1492.27
1612.36
1487.05
1094.38
1907.95
1447.69
1337.40
1451.92
1821.96
1395.73
602.07
1393.00
1918.30
854.62
1506.55
1595.50
1332.44
1484.02
902.46
801.24
1716.99
1652.12
1237.49
1154.51
1920.70
533.42
1885.17
660.27
1542.71
855.15
1260.66
1400.11
805.47
962.29
1431.93
800.86
1888.34
1346.96
1302.34
1893.30
1313.35
1482.95
1560.26
1340.55
1286.49
1326.51
1464.06
1658.06
899.70
906.29
928.34
572.38
2009.03
1730.42
1305.67
1238.60
456.31
1216.83
1397.99
1473.88
1329.16
2177.04
1267.99
1388.75
1552.59
1800.08
1742.69
1592.69
1683.01
1475.99
1707.71
1872.42
1444.64
1598.48
1616.30
795.45
1649.85
1295.49
1103.26
1881.44
1928.27
1822.22
1233.27
1619.78
870.80
851.54
1877.52
1328.39
1665.45
433.31
1459.60
1730.56
767.92
1600.78
1704.33
1963.15
290.57
1313.42
2019.45
1931.36
785.57
1371.27
1619.87
1926.75
1730.37
1929.76
1382.56
1522.47
771.40
1572.00
1179.37
798.92
1406.55
226.14
1942.29
694.13
717.30
1569.52
1284.16
2164.86
1293.14
1876.67
1888.28
951.41
1884.25
1645.88
2023.90
744.22
709.37
1660.16
1607.47
1613.00
651.88
1649.85
2197.16
1176.07
1180.08
649.23
1778.52
1869.93
1607.88
2029.52
1635.29
1542.61
609.04
1146.43
1761.68
1973.57
1856.05
1820.39
847.84
1635.43
1455.78
1984.72
1311.64
1364.48
1629.57
1484.89
784.63
1879.17
1304.61
1513.70
1875.82
1356.37
1248.19
1503.78
1984.50
790.26
906.99
1928.26
1766.27
551.24
1546.45
1565.17
1522.76
1860.45
1821.58
1389.33
924.40
1691.25
1501.62
1605.73
808.55
1367.40
937.34
1458.39
1308.42
1535.06
1932.29
1648.69
961.89
1679.77
1642.74
1175.59
1394.36
1827.84
1786.19
1650.94
1763.72
1550.13
1960.44
1698.17
1904.51
1878.88
1248.51
1310.35
1615.17
1247.56
1696.15
1704.74
1862.61
1484.76
1702.20
1977.43
577.64
1287.44
693.12
1744.90
1585.20
1629.56
1404.05
752.30
1393.43
1417.21
1432.15
1278.31
1801.43
1926.83
1238.06
1954.47
669.77
1609.47
944.05
1631.28
1194.96
1160.55
1627.77
1513.44
1231.19
708.34
1460.48
1484.91
1525.78
1778.89
1706.24
1486.58
1750.85
1772.67
1544.51
1562.75
1380.34
1232.23
1520.19
1968.29
984.71
983.88
1900.13
719.78
1827.72
1580.03
1516.02
1343.03
1758.15
1443.95
1892.20
1794.16
985.09
1740.42
1179.65
799.36
1372.99
987.22
1774.32
1843.74
1518.78
1485.28
1620.23
298.53
1629.76
1148.56
1222.58
1741.72
1004.43
744.39
1790.36
952.90
1322.61
1739.45
777.18
1535.57
685.10
756.96
1417.51
1711.32
1176.39
1632.80
1617.08
1102.78
1896.86
1679.02
1660.89
1615.86
1466.08
1427.54
804.59
1755.58
1856.28
748.97
768.69
992.92
1671.86
1825.14
1144.81
1954.51
1277.84
1149.79
1887.45
1392.09
1951.40
818.62
1382.14
1577.89
910.48
1807.05
1327.75
1206.63
1731.55
1259.30
1131.26
1735.93
1995.98
1608.42
1680.07
1195.80
1124.87
1308.03
1610.33
1303.59
1967.28
1646.41
1295.28
1242.38
842.40
1762.46
1523.91
1426.39
1438.15
1848.09
2139.85
694.30
1825.21
1688.57
843.22
270.13
1527.11
1341.47
1356.38
1097.71
955.73
1608.03
1766.84
1523.41
1692.20
1719.52
1442.35
997.21
1618.18
1068.24
1177.31
1478.22
1140.28
1041.51
653.58
931.89
1814.17
2031.79
1785.49
1925.00
1152.08
1597.32
1700.69
1328.24
1353.00
1880.91
1260.13
1670.30
1678.21
2018.51
1576.27
1416.94
1532.81
1937.61
976.45
851.99
1420.87
1586.07
1072.77
1031.06
1187.22
1192.88
1773.93
1449.73
1331.31
1833.08
1683.46
1609.87
310.15
408.38
1934.36
1667.97
975.89
1863.79
899.38
1015.53
737.98
1620.47
1152.63
2000.07
866.57
1554.49
1470.52
669.09
1923.54
1193.14
718.97
1363.28
1759.33
1639.01
1296.79
1933.05
1510.26
601.83
1801.02
2051.01
1449.94
2142.39
1206.37
2130.12
1239.30
1715.81
1039.02
1461.05
833.13
1130.02
1637.04
1532.43
1291.90
1577.05
782.86
820.43
1493.97
1200.93
1948.03
1939.34
1594.38
750.59
1356.26
1110.38
897.86
1651.93
840.26
1458.21
1309.85
1437.04
1401.87
1733.00
936.14
939.82
1798.30
1358.30
1920.81
949.64
887.58
1826.83
1093.58
1281.42
1632.70
1543.82
1220.03
258.57
1838.45
1269.92
1950.26
1390.88
1528.02
1295.62
1952.64
1754.29
1659.22
1587.91
1798.21
752.43
1863.48
1515.42
1522.44
1797.04
1816.80
1483.66
1468.35
1782.26
1726.03
1291.04
1765.23
1359.96
969.87
869.75
1496.49
1988.37
1149.74
511.92
1643.18
759.32
1584.52
1295.26
1159.43
1555.41
1539.30
1601.02
1066.64
1659.56
1170.46
1143.96
1136.35
1409.74
1542.03
1573.09
547.92
1322.58
890.75
1776.81
1199.96
1658.79
1086.79
2094.36
1818.84
1248.58
1862.13
1234.22
1780.33
1531.90
1210.89
1439.77
1507.46
1374.09
658.78
1638.68
1473.83
1064.75
1997.69
1269.50
1838.20
1122.28
1461.55
1174.27
1866.34
1535.83
1915.85
1603.34
1632.34
976.96
827.36
1657.91
807.93
1416.03
1029.17
1264.75
1266.97
1985.00
1743.08
1554.61
1196.08
1024.58
1608.92
2069.61
1762.29
637.43
1257.74
1063.12
1558.75
1471.43
1657.29
1711.91
1453.81
290.86
1546.81
1770.15
1502.01
1658.98
1135.71
1796.03
1709.32
1040.69
540.18
2153.62
1222.36
1717.18
1705.16
1454.15
1989.12
1208.78
1758.56
1801.18
594.48
1333.22
305.11
1707.88
903.94
926.94
1856.58
1909.23
815.82
1491.64
1568.99
1955.51
1801.09
332.99
1618.28
1138.72
1917.48
1007.34
1980.01
1929.81
1997.26
1460.12
1656.30
1233.36
1448.35
659.61
1708.27
1506.00
918.04
1132.74
1696.07
1418.02
1743.70
350.53
1772.15
1711.30
993.47
1176.35
899.36
1511.83
1208.10
1191.13
1261.97
1102.25
1583.14
1549.32
1100.69
1383.21
1618.91
1397.34
1564.80
1330.98
1766.37
1859.37
1202.07
1220.75
1086.16
1601.05
852.57
672.75
1300.52
823.40
1865.15
1361.28
957.74
1923.25
1071.72
1934.45
1305.74
1205.39
1335.90
769.18
1298.52
1253.83
1355.09
1873.34
786.51
1320.66
1511.57
1711.63
637.63
1356.20
1420.54
956.62
1906.55
1881.25
1108.76
1331.03
532.19
1659.33
1742.72
1371.05
1259.25
806.30
2145.19
1264.29
2141.48
1183.43
830.88
2025.73
1377.98
1526.32
1202.74
1604.82
1523.19
1320.30
1280.43
859.43
1290.43
1303.11
1313.92
1481.74
824.47
1396.09
1085.36
1306.35
1494.98
1704.24
1995.13
1607.03
1105.74
1944.96
926.62
1626.24
1170.96
1673.31
1233.92
1212.03
1594.36
1620.65
1741.36
853.29
1301.12
2077.93
1703.30
1830.73
1341.29
1962.37
1744.21
2049.15
1607.79
1565.53
1592.38
1839.14
1448.36
1176.25
1433.58
1485.15
1339.70
651.53
1172.34
1879.44
1214.15
1544.60
1899.07
1806.04
1553.48
910.14
1588.37
1877.17
340.23
1482.80
1433.53
1563.78
1662.84
1147.21
1373.34
742.50
530.24
1332.16
1713.89
1943.01
1919.96
1813.21
1460.44
1730.88
1748.01
1874.50
880.48
1817.31
627.93
916.15
1015.89
1492.94
1010.35
1614.91
1215.64
1621.48
1672.91
1789.70
1363.25
1474.45
1743.13
1340.88
1625.57
1914.32
1626.56
900.50
1286.62
1736.69
1264.03
1374.49
944.19
875.91
1525.40
1816.16
1108.18
806.56
1200.77
1779.86
1420.15
1373.85
976.03
1786.88
1538.99
1599.05
1634.62
1447.11
1237.28
750.96
1375.61
933.59
960.46
1790.82
1494.61
1296.95
2002.15
950.92
1246.60
1118.15
889.40
1135.40
1293.52
1564.58
1430.02
857.52
1521.17
1798.81
1500.56
1285.59
1725.81
1649.10
1936.98
1253.22
986.75
1393.69
1742.44
1310.66
1214.14
1620.13
1159.57
530.14
1601.77
1600.42
819.40
1241.43
1185.10
911.99
1643.92
675.60
1341.11
1189.73
1605.93
1613.93
1702.03
1786.37
1447.58
1509.40
1684.30
1787.62
1724.43
1884.27
1856.35
1644.71
1721.02
1179.99
1484.60
1232.79
1232.11
1687.70
1340.07
1249.13
1727.30
685.10
1759.19
1230.42
983.47
1036.93
1969.89
1563.69
1503.44
1640.36
1418.78
1637.49
904.28
1428.69
934.86
1500.86
1700.01
1044.43
1430.74
1499.29
1040.34
1207.89
841.48
1517.20
1786.00
963.84
1264.68
709.72
1576.38
587.94
1099.61
787.43
1374.27
1566.65
2139.60
2119.21
1340.26
954.45
782.47
946.51
1903.53
1509.06
1328.70
1422.47
1515.35
1214.43
1930.08
1547.01
1065.65
2129.47
2112.02
1949.78
1656.89
1587.20
856.95
1525.35
1241.14
1525.90
1522.14
996.59
584.11
1955.31
1339.95
827.26
1525.33
1634.30
1227.16
1630.12
1927.42
1049.04
780.33
1227.24
1726.28
717.07
645.49
612.98
1809.95
1642.54
1358.27
1890.86
1323.84
1827.97
1614.79
1373.82
1774.01
1973.24
1604.09
1313.28
1569.34
936.76
716.83
1513.27
1612.32
1490.86
1573.31
962.92
1803.95
1825.54
1829.17
1986.61
1515.92
1751.62
1433.37
2171.13
1781.62
1172.15
766.52
826.67
1794.18
1003.55
1683.32
1714.51
1486.43
1202.52
1404.39
1364.90
1522.85
789.49
1187.36
1816.44
764.46
1748.50
1070.03
1635.24
1528.60
1215.24
786.60
1577.20
1447.23
1532.05
1507.40
1230.26
1622.97
1266.93
1528.86
1387.83
1789.63
987.06
1869.88
1791.91
1567.77
577.87
610.43
1822.19
1091.65
872.76
1597.99
944.53
1641.49
1307.76
1611.42
1826.88
1808.18
1557.35
1882.36
1889.98
1217.02
1455.14
1511.73
1557.98
1175.30
1183.67
1521.15
1332.41
1238.48
1614.67
1663.51
1242.19
1505.11
1723.30
601.04
765.10
1735.62
1522.33
1468.02
1744.40
1628.58
1236.01
1019.94
1638.30
1384.54
1025.30
1889.79
1479.36
1848.08
1527.92
1683.00
1130.59
1446.38
1677.47
1755.87
2211.90
1078.95
646.45
1263.64
1407.26
934.56
691.98
1738.74
1166.31
1805.36
1321.79
1781.59
1852.89
1712.45
903.49
1504.33
1664.37
1192.09
723.15
581.56
1178.13
1856.35
1646.17
718.06
1363.43
1567.91
1670.04
1558.84
1902.64
1978.39
1844.82
1511.79
1998.79
982.76
1212.33
477.91
1718.88
1493.60
1318.48
1530.97
1581.75
2195.65
1819.37
1752.56
1473.74
1448.55
1499.66
1672.98
2015.62
1998.82
1432.38
779.07
1647.41
1441.56
1255.39
1420.50
1442.61
1871.32
1022.35
996.32
1227.97
402.33
1576.91
1589.02
1640.40
1499.03
996.21
1180.63
1337.90
1066.35
512.50
1566.41
933.96
1633.87
1040.76
1927.70
906.57
1848.32
1785.00
1711.22
1632.75
1886.75
1339.16
1745.96
455.29
1348.09
2139.53
1057.74
1303.84
1524.27
1570.18
428.16
1457.17
1482.98
1332.59
1910.72
1911.13
401.40
1536.19
436.35
1611.07
1357.57
1618.87
1444.48
1761.37
1977.29
512.11
219.34
1405.40
1215.25
1204.90
1320.73
890.00
1741.24
851.38
1827.80
1503.65
752.86
846.22
1253.64
1664.59
1690.05
814.40
1651.24
1594.38
1226.94
571.20
733.39
1509.08
1236.50
1065.55
1455.66
872.51
1660.86
631.10
1253.06
1720.86
1605.58
2080.13
1644.08
1457.95
911.94
1717.93
805.20
1621.68
1163.76
1623.40
1318.08
1313.11
1493.03
1553.43
1585.46
1425.12
1931.59
1780.77
1792.79
830.66
1821.46
1347.26
1486.99
1974.73
1666.51
1702.89
711.82
1221.11
1247.02
1936.56
1444.37
1887.60
1747.04
779.91
1555.84
1664.14
1809.71
1088.91
1047.29
843.44
1520.65
2203.17
1113.73
1792.63
1632.27
1263.51
702.66
1696.93
841.75
1475.88
581.93
1104.30
1200.75
1298.37
1770.94
2004.80
924.25
1711.37
896.42
680.83
1324.96
1253.82
678.67
1549.89
1788.45
1225.42
1550.72
1157.63
1209.52
1512.04
1517.97
1221.10
1291.78
1368.64
411.76
669.97
1594.54
1148.80
1220.00
1136.56
1353.81
1141.22
933.18
1776.67
787.53
894.23
1489.53
1622.25
1621.34
1175.72
1555.63
1673.07
1721.58
1463.64
1899.69
1424.94
1660.22
1780.26
985.27
1696.52
1474.49
1892.28
1421.35
1301.54
1728.68
1406.14
1780.72
1916.76
1927.47
1908.02
1640.08
1082.77
1611.54
1724.75
1273.79
1433.68
1113.22
1646.67
1938.59
1829.86
1987.66
1364.21
959.37
1393.91
1681.94
1632.63
1791.84
671.73
1482.24
448.49
1405.95
1924.99
1589.91
1606.32
1016.36
941.52
1666.21
1393.68
1263.13
1494.66
1407.21
1964.30
1655.72
645.75
1215.77
1754.79
1294.90
1298.23
1486.66
1620.56
1114.26
718.60
390.32
1777.85
936.82
1704.46
1847.20
1594.87
1534.57
1954.10
911.66
1346.36
1478.49
1324.93
1268.58
787.41
1882.94
1593.81
1453.78
455.76
1104.06
1607.95
1542.19
1007.42
1909.95
900.60
852.43
1432.33
1268.41
1870.19
1375.55
966.60
1981.53
1975.54
1864.39
1392.81
1109.19
673.64
1729.14
1399.38
1686.88
398.72
1721.53
1866.49
1745.16
1594.67
1731.58
944.11
678.18
1748.32
1731.34
1639.78
1383.52
1192.77
1456.20
1097.47
786.23
2000.03
1079.67
1347.77
1414.48
1069.33
1127.73
1604.65
1997.92
1236.26
542.98
1506.64
1115.44
1624.82
1527.35
1268.83
1740.77
1530.90
1583.65
1910.32
1644.99
1089.34
1513.12
2105.94
1198.03
1549.64
1418.28
1105.44
740.76
1474.02
1084.57
1605.33
777.14
1429.13
1001.23
1247.94
1576.04
727.47
1350.79
1999.42
812.39
2174.73
962.00
1099.08
990.24
1647.13
1783.90
1397.25
1518.39
1248.17
1003.45
773.84
1760.02
1230.88
1956.13
1687.51
1720.62
1162.05
1461.86
1380.24
1886.54
1155.03
1334.61
1656.22
761.58
1903.12
1917.38
1813.71
1769.46
1759.85
1102.71
1742.00
301.15
1421.50
1124.24
1386.37
812.77
2130.71
1395.46
1467.26
888.51
1957.77
986.64
157.29
948.58
1049.23
1946.22
2016.33
1752.55
1636.23
1940.51
1285.60
1521.26
1105.73
1278.21
1492.91
901.19
920.89
1748.56
1271.19
757.69
1422.54
1744.11
1431.18
1648.98
1834.57
1231.07
2015.11
1626.73
1502.86
1641.05
1437.58
1189.99
787.81
1024.79
632.30
1601.91
1641.15
1810.28
1475.00
1193.31
1323.84
1318.12
586.52
1797.90
1607.31
1515.23
1842.28
1573.39
1333.21
2085.09
785.63
1308.83
812.03
1786.02
1428.90
981.84
1300.95
1749.02
1708.32
1642.60
1338.57
763.90
2038.04
964.47
1455.59
1480.17
1284.69
1476.31
1379.04
1412.48
1177.93
908.87
1978.69
1586.07
727.65
1803.53
1337.71
1749.36
573.20
1877.23
1380.11
502.21
1161.34
1465.92
303.15
1418.35
1209.68
1432.16
1627.00
1502.06
1426.11
1753.59
2133.29
618.76
1588.54
721.06
1599.16
1468.12
1240.21
931.69
1586.34
1858.45
1481.23
1438.96
1420.85
1069.49
1817.44
1423.54
1387.26
1210.70
1718.52
459.57
1006.51
986.70
1023.59
1773.80
755.77
1066.98
1880.25
1490.09
1270.42
428.70
1314.85
1163.84
945.34
1170.26
832.99
1597.57
1682.18
1927.36
1340.32
1738.43
876.10
1558.49
1858.93
1628.79
1519.25
2277.25
1255.03
527.69
1415.52
1211.21
2045.15
1898.89
1547.65
1057.77
1676.98
845.30
1457.52
866.26
1869.06
1468.73
1322.36
1564.81
1594.52
2049.40
1633.99
222.53
1576.93
1716.31
1376.08
1115.41
1422.07
1577.58
1427.29
950.10
1922.05
1627.52
1648.08
2037.40
1972.44
1578.30
1340.63
1605.81
1612.35
1404.30
375.08
1647.96
1794.14
1438.62
1173.58
1755.35
611.16
621.14
621.63
1831.75
1221.27
